1 2 5
1 3 7
1 4 2
2 5 3
2 6 6
2 7 1
3 8 4
3 9 9
3 10 2
4 11 8
4 12 5
4 13 1
5 14 7
5 15 3
5 16 6
6 17 2
6 18 4
6 19 1
7 20 9
7 21 5
7 22 2
8 23 6
8 24 3
8 25 7
9 26 1
9 27 4
9 28 8
10 29 5
10 30 2
10 31 6
11 32 3
11 33 7
11 34 1
12 35 4
12 36 9
12 37 2
13 38 5
13 39 8
13 40 3
14 41 6
14 42 1
14 43 4
15 44 9
15 45 2
15 46 5
16 47 7
16 48 3
16 49 8
17 50 1
17 51 6
17 52 2
18 53 4
18 54 7
18 55 9
19 56 5
19 57 3
19 58 1
20 59 8
20 60 2
20 61 6
21 62 3
21 63 7
21 64 1
22 65 4
22 66 9
22 67 2
23 68 5
23 69 8
23 70 3
24 71 6
24 72 1
24 73 4
25 74 9
25 75 2
25 76 5
26 77 7
26 78 3
26 79 8
27 80 1
27 81 6
27 82 2
28 83 4
28 84 7
28 85 9
29 86 5
29 87 3
29 88 1
30 89 8
30 90 2
30 91 6
31 92 3
31 93 7
31 94 1
32 95 4
32 96 9
32 97 2
33 98 5
33 99 8
33 100 3
34 101 6
34 102 1
34 103 4
35 104 9
35 105 2
35 106 5
36 107 7
36 108 3
36 109 8
37 110 1
37 111 6
37 112 2
38 113 4
38 114 7
38 115 9
39 116 5
39 117 3
39 118 1
40 119 8
40 120 2
40 121 6
41 122 3
41 123 7
41 124 1
42 125 4
42 126 9
42 127 2
43 128 5
43 129 8
43 130 3
44 131 6
44 132 1
44 133 4
45 134 9
45 135 2
45 136 5
46 137 7
46 138 3
46 139 8
47 140 1
47 141 6
47 142 2
48 143 4
48 144 7
48 145 9
49 146 5
49 147 3
49 148 1
50 149 8
50 150 2
50 151 6
51 152 3
51 153 7
51 154 1
52 155 4
52 156 9
52 157 2
53 158 5
53 159 8
53 160 3
54 161 6
54 162 1
54 163 4
55 164 9
55 165 2
55 166 5
56 167 7
56 168 3
56 169 8
57 170 1
57 171 6
57 172 2
58 173 4
58 174 7
58 175 9
59 176 5
59 177 3
59 178 1
60 179 8
60 180 2
60 181 6
61 182 3
61 183 7
61 184 1
62 185 4
62 186 9
62 187 2
63 188 5
63 189 8
63 190 3
64 191 6
64 192 1
64 193 4
65 194 9
65 195 2
65 196 5
66 197 7
66 198 3
66 199 8
67 200 1
67 201 6
67 202 2
67 203 9
68 204 4
68 205 7
68 206 1
69 207 5
69 208 3
69 209 8
70 210 2
70 211 6
70 212 4
71 213 9
71 214 1
71 215 7
72 216 3
72 217 5
72 218 8
73 219 2
73 220 6
73 221 4
74 222 9
74 223 1
74 224 7
75 225 3
75 226 5
75 227 8
76 228 2
76 229 6
76 230 4
77 231 9
77 232 1
77 233 7
78 234 3
78 235 5
78 236 8
79 237 2
79 238 6
79 239 4
80 240 9
80 241 1
80 242 7
81 243 3
81 244 5
81 245 8
82 246 2
82 247 6
82 248 4
83 249 9
83 250 1
83 251 7
84 252 3
84 253 5
84 254 8
85 255 2
85 256 6
85 257 4
86 258 9
86 259 1
86 260 7
87 261 3
87 262 5
87 263 8
88 264 2
88 265 6
88 266 4
89 267 9
89 268 1
89 269 7
90 270 3
90 271 5
90 272 8
91 273 2
91 274 6
91 275 4
92 276 9
92 277 1
92 278 7
93 279 3
93 280 5
93 281 8
94 282 2
94 283 6
94 284 4
95 285 9
95 286 1
95 287 7
96 288 3
96 289 5
96 290 8
97 291 2
97 292 6
97 293 4
98 294 9
98 295 1
98 296 7
99 297 3
99 298 5
99 299 8
100 300 2
101 301 5
101 302 8
101 303 2
102 304 6
102 305 3
102 306 9
103 307 1
103 308 7
103 309 4
104 310 8
104 311 2
104 312 5
105 313 3
105 314 6
105 315 1
106 316 9
106 317 4
106 318 7
107 319 2
107 320 5
107 321 8
108 322 3
108 323 6
108 324 1
109 325 9
109 326 4
109 327 7
110 328 2
110 329 5
110 330 8
111 331 3
111 332 6
111 333 1
112 334 9
112 335 4
112 336 7
113 337 2
113 338 5
113 339 8
114 340 3
114 341 6
114 342 1
115 343 9
115 344 4
115 345 7
116 346 2
116 347 5
116 348 8
117 349 3
117 350 6
117 351 1
118 352 9
118 353 4
118 354 7
119 355 2
119 356 5
119 357 8
120 358 3
120 359 6
120 360 1
121 361 9
121 362 4
121 363 7
122 364 2
122 365 5
122 366 8
123 367 3
123 368 6
123 369 1
124 370 9
124 371 4
124 372 7
125 373 2
125 374 5
125 375 8
126 376 3
126 377 6
126 378 1
127 379 9
127 380 4
127 381 7
128 382 2
128 383 5
128 384 8
129 385 3
129 386 6
129 387 1
130 388 9
130 389 4
130 390 7
131 391 2
131 392 5
131 393 8
132 394 3
132 395 6
132 396 1
133 397 9
133 398 4
133 399 7
134 400 2
135 401 7
135 402 3
135 403 5
136 404 9
136 405 2
136 406 6
137 407 1
137 408 4
137 409 8
138 410 3
138 411 5
138 412 7
139 413 2
139 414 6
139 415 9
140 416 1
140 417 4
140 418 8
141 419 3
141 420 5
141 421 7
142 422 2
142 423 6
142 424 9
143 425 1
143 426 4
143 427 8
144 428 3
144 429 5
144 430 7
145 431 2
145 432 6
145 433 9
146 434 1
146 435 4
146 436 8
147 437 3
147 438 5
147 439 7
148 440 2
148 441 6
148 442 9
149 443 1
149 444 4
149 445 8
150 446 3
150 447 5
150 448 7
151 449 2
151 450 6
151 451 9
152 452 1
152 453 4
152 454 8
153 455 3
153 456 5
153 457 7
154 458 2
154 459 6
154 460 9
155 461 1
155 462 4
155 463 8
156 464 3
156 465 5
156 466 7
157 467 2
157 468 6
157 469 9
158 470 1
158 471 4
158 472 8
159 473 3
159 474 5
159 475 7
160 476 2
160 477 6
160 478 9
161 479 1
161 480 4
161 481 8
162 482 3
162 483 5
162 484 7
163 485 2
163 486 6
163 487 9
164 488 1
164 489 4
164 490 8
165 491 3
165 492 5
165 493 7
166 494 2
166 495 6
166 496 9
167 497 1
167 498 4
167 499 8
168 500 3
168 501 5
168 502 7
169 503 2
169 504 6
169 505 9
170 506 1
170 507 4
170 508 8
171 509 3
171 510 5
171 511 7
172 512 2
172 513 6
172 514 9
173 515 1
173 516 4
173 517 8
174 518 3
174 519 5
174 520 7
175 521 2
175 522 6
175 523 9
176 524 1
176 525 4
176 526 8
177 527 3
177 528 5
177 529 7
178 530 2
178 531 6
178 532 9
179 533 1
179 534 4
179 535 8
180 536 3
180 537 5
180 538 7
181 539 2
181 540 6
181 541 9
182 542 1
182 543 4
182 544 8
183 545 3
183 546 5
183 547 7
184 548 2
184 549 6
184 550 9
185 551 1
185 552 4
185 553 8
186 554 3
186 555 5
186 556 7
187 557 2
187 558 6
187 559 9
188 560 1
188 561 4
188 562 8
189 563 3
189 564 5
189 565 7
190 566 2
190 567 6
190 568 9
191 569 1
191 570 4
191 571 8
192 572 3
192 573 5
192 574 7
193 575 2
193 576 6
193 577 9
194 578 1
194 579 4
194 580 8
195 581 3
195 582 5
195 583 7
196 584 2
196 585 6
196 586 9
197 587 1
197 588 4
197 589 8
198 590 3
198 591 5
198 592 7
199 593 2
199 594 6
199 595 9
200 596 1
200 597 4
200 598 8
201 599 3
201 600 5
201 601 7
202 602 2
202 603 6
202 604 9
203 605 1
203 606 4
203 607 8
204 608 3
204 609 5
204 610 7
205 611 2
205 612 6
205 613 9
206 614 1
206 615 4
206 616 8
207 617 3
207 618 5
207 619 7
208 620 2
208 621 6
208 622 9
209 623 1
209 624 4
209 625 8
210 626 3
210 627 5
210 628 7
211 629 2
211 630 6
211 631 9
212 632 1
212 633 4
212 634 8
213 635 3
213 636 5
213 637 7
214 638 2
214 639 6
214 640 9
215 641 1
215 642 4
215 643 8
216 644 3
216 645 5
216 646 7
217 647 2
217 648 6
217 649 9
218 650 1
218 651 4
218 652 8
219 653 3
219 654 5
219 655 7
220 656 2
220 657 6
220 658 9
221 659 1
221 660 4
221 661 8
222 662 3
222 663 5
222 664 7
223 665 2
223 666 6
223 667 9
224 668 1
224 669 4
224 670 8
225 671 3
225 672 5
225 673 7
226 674 2
226 675 6
226 676 9
227 677 1
227 678 4
227 679 8
228 680 3
228 681 5
228 682 7
229 683 2
229 684 6
229 685 9
230 686 1
230 687 4
230 688 8
231 689 3
231 690 5
231 691 7
232 692 2
232 693 6
232 694 9
233 695 1
233 696 4
233 697 8
234 698 3
234 699 5
234 700 7
235 701 4
235 702 9
235 703 2
236 704 6
236 705 1
236 706 5
237 707 8
237 708 3
237 709 7
238 710 2
238 711 5
238 712 9
239 713 1
239 714 4
239 715 8
240 716 3
240 717 6
240 718 1
241 719 9
241 720 5
241 721 7
242 722 2
242 723 4
242 724 8
243 725 3
243 726 6
243 727 1
244 728 9
244 729 5
244 730 7
245 731 2
245 732 4
245 733 8
246 734 3
246 735 6
246 736 1
247 737 9
247 738 5
247 739 7
248 740 2
248 741 4
248 742 8
249 743 3
249 744 6
249 745 1
250 746 9
250 747 5
250 748 7
251 749 2
251 750 4
251 751 8
252 752 3
252 753 6
252 754 1
253 755 9
253 756 5
253 757 7
254 758 2
254 759 4
254 760 8
255 761 3
255 762 6
255 763 1
256 764 9
256 765 5
256 766 7
257 767 2
257 768 4
257 769 8
258 770 3
258 771 6
258 772 1
259 773 9
259 774 5
259 775 7
260 776 2
260 777 4
260 778 8
261 779 3
261 780 6
261 781 1
262 782 9
262 783 5
262 784 7
263 785 2
263 786 4
263 787 8
264 788 3
264 789 6
264 790 1
265 791 9
265 792 5
265 793 7
266 794 2
266 795 4
266 796 8
267 797 3
267 798 6
267 799 1
268 800 9
268 801 5
268 802 7
269 803 2
269 804 4
269 805 8
270 806 3
270 807 6
270 808 1
271 809 9
271 810 5
271 811 7
272 812 2
272 813 4
272 814 8
273 815 3
273 816 6
273 817 1
274 818 9
274 819 5
274 820 7
275 821 2
275 822 4
275 823 8
276 824 3
276 825 6
276 826 1
277 827 9
277 828 5
277 829 7
278 830 2
278 831 4
278 832 8
279 833 3
279 834 6
279 835 1
280 836 9
280 837 5
280 838 7
281 839 2
281 840 4
281 841 8
282 842 3
282 843 6
282 844 1
283 845 9
283 846 5
283 847 7
284 848 2
284 849 4
284 850 8
285 851 3
285 852 6
285 853 1
286 854 9
286 855 5
286 856 7
287 857 2
287 858 4
287 859 8
288 860 3
288 861 6
288 862 1
289 863 9
289 864 5
289 865 7
290 866 2
290 867 4
290 868 8
291 869 3
291 870 6
291 871 1
292 872 9
292 873 5
292 874 7
293 875 2
293 876 4
293 877 8
294 878 3
294 879 6
294 880 1
295 881 9
295 882 5
295 883 7
296 884 2
296 885 4
296 886 8
297 887 3
297 888 6
297 889 1
298 890 9
298 891 5
298 892 7
299 893 2
299 894 4
299 895 8
300 896 3
300 897 6
300 898 1
301 899 9
301 900 5
301 901 7
302 902 6
302 903 1
302 904 4
303 905 9
303 906 2
303 907 5
304 908 7
304 909 3
304 910 8
305 911 2
305 912 6
305 913 4
306 914 9
306 915 1
306 916 7
307 917 3
307 918 5
307 919 8
308 920 2
308 921 6
308 922 4
309 923 9
309 924 1
309 925 7
310 926 3
310 927 5
310 928 8
311 929 2
311 930 6
311 931 4
312 932 9
312 933 1
312 934 7
313 935 3
313 936 5
313 937 8
314 938 2
314 939 6
314 940 4
315 941 9
315 942 1
315 943 7
316 944 3
316 945 5
316 946 8
317 947 2
317 948 6
317 949 4
318 950 9
318 951 1
318 952 7
319 953 3
319 954 5
319 955 8
320 956 2
320 957 6
320 958 4
321 959 9
321 960 1
321 961 7
322 962 3
322 963 5
322 964 8
323 965 2
323 966 6
323 967 4
324 968 9
324 969 1
324 970 7
325 971 3
325 972 5
325 973 8
326 974 2
326 975 6
326 976 4
327 977 9
327 978 1
327 979 7
328 980 3
328 981 5
328 982 8
329 983 2
329 984 6
329 985 4
330 986 9
330 987 1
330 988 7
331 989 3
331 990 5
331 991 8
332 992 2
332 993 6
332 994 4
333 995 9
333 996 1
333 997 7
334 998 3
334 999 5
334 1000 8
335 1001 4
335 1002 7
335 1003 1
336 1004 5
336 1005 9
336 1006 2
337 1007 6
337 1008 3
337 1009 8
338 1010 2
338 1011 5
338 1012 7
339 1013 1
339 1014 4
339 1015 9
340 1016 3
340 1017 6
340 1018 8
341 1019 2
341 1020 5
341 1021 7
342 1022 1
342 1023 4
342 1024 9
343 1025 3
343 1026 6
343 1027 8
344 1028 2
344 1029 5
344 1030 7
345 1031 1
345 1032 4
345 1033 9
346 1034 3
346 1035 6
346 1036 8
347 1037 2
347 1038 5
347 1039 7
348 1040 1
348 1041 4
348 1042 9
349 1043 3
349 1044 6
349 1045 8
350 1046 2
350 1047 5
350 1048 7
351 1049 1
351 1050 4
351 1051 9
352 1052 3
352 1053 6
352 1054 8
353 1055 2
353 1056 5
353 1057 7
354 1058 1
354 1059 4
354 1060 9
355 1061 3
355 1062 6
355 1063 8
356 1064 2
356 1065 5
356 1066 7
357 1067 1
357 1068 4
357 1069 9
358 1070 3
358 1071 6
358 1072 8
359 1073 2
359 1074 5
359 1075 7
360 1076 1
360 1077 4
360 1078 9
361 1079 3
361 1080 6
361 1081 8
362 1082 2
362 1083 5
362 1084 7
363 1085 1
363 1086 4
363 1087 9
364 1088 3
364 1089 6
364 1090 8
365 1091 2
365 1092 5
365 1093 7
366 1094 1
366 1095 4
366 1096 9
367 1097 3
367 1098 6
367 1099 8
368 1100 2
368 1101 5
368 1102 7
369 1103 1
369 1104 4
369 1105 9
370 1106 3
370 1107 6
370 1108 8
371 1109 2
371 1110 5
371 1111 7
372 1112 1
372 1113 4
372 1114 9
373 1115 3
373 1116 6
373 1117 8
374 1118 2
374 1119 5
374 1120 7
375 1121 1
375 1122 4
375 1123 9
376 1124 3
376 1125 6
376 1126 8
377 1127 2
377 1128 5
377 1129 7
378 1130 1
378 1131 4
378 1132 9
379 1133 3
379 1134 6
379 1135 8
380 1136 2
380 1137 5
380 1138 7
381 1139 1
381 1140 4
381 1141 9
382 1142 3
382 1143 6
382 1144 8
383 1145 2
383 1146 5
383 1147 7
384 1148 1
384 1149 4
384 1150 9
385 1151 3
385 1152 6
385 1153 8
386 1154 2
386 1155 5
386 1156 7
387 1157 1
387 1158 4
387 1159 9
388 1160 3
388 1161 6
388 1162 8
389 1163 2
389 1164 5
389 1165 7
390 1166 1
390 1167 4
390 1168 9
391 1169 3
391 1170 6
391 1171 8
392 1172 2
392 1173 5
392 1174 7
393 1175 1
393 1176 4
393 1177 9
394 1178 3
394 1179 6
394 1180 8
395 1181 2
395 1182 5
395 1183 7
396 1184 1
396 1185 4
396 1186 9
397 1187 3
397 1188 6
397 1189 8
398 1190 2
398 1191 5
398 1192 7
399 1193 1
399 1194 4
399 1195 9
400 1196 3
400 1197 6
400 1198 8
401 1199 2
401 1200 5
401 1201 7
402 1202 1
402 1203 4
402 1204 9
403 1205 3
403 1206 6
403 1207 8
404 1208 2
404 1209 5
404 1210 7
405 1211 1
405 1212 4
405 1213 9
406 1214 3
406 1215 6
406 1216 8
407 1217 2
407 1218 5
407 1219 7
408 1220 1
408 1221 4
408 1222 9
409 1223 3
409 1224 6
409 1225 8
410 1226 2
410 1227 5
410 1228 7
411 1229 1
411 1230 4
411 1231 9
412 1232 3
412 1233 6
412 1234 8
413 1235 2
413 1236 5
413 1237 7
414 1238 1
414 1239 4
414 1240 9
415 1241 3
415 1242 6
415 1243 8
416 1244 2
416 1245 5
416 1246 7
417 1247 1
417 1248 4
417 1249 9
418 1250 3
418 1251 6
418 1252 8
419 1253 2
419 1254 5
419 1255 7
420 1256 1
420 1257 4
420 1258 9
421 1259 3
421 1260 6
421 1261 8
422 1262 2
422 1263 5
422 1264 7
423 1265 1
423 1266 4
423 1267 9
424 1268 3
424 1269 6
424 1270 8
425 1271 2
425 1272 5
425 1273 7
426 1274 1
426 1275 4
426 1276 9
427 1277 3
427 1278 6
427 1279 8
428 1280 2
428 1281 5
428 1282 7
429 1283 1
429 1284 4
429 1285 9
430 1286 3
430 1287 6
430 1288 8
431 1289 2
431 1290 5
431 1291 7
432 1292 1
432 1293 4
432 1294 9
433 1295 3
433 1296 6
433 1297 8
434 1298 2
434 1299 5
434 1300 7
435 1301 1
435 1302 4
435 1303 9
436 1304 3
436 1305 6
436 1306 8
437 1307 2
437 1308 5
437 1309 7
438 1310 1
438 1311 4
438 1312 9
439 1313 3
439 1314 6
439 1315 8
440 1316 2
440 1317 5
440 1318 7
441 1319 1
441 1320 4
441 1321 9
442 1322 3
442 1323 6
442 1324 8
443 1325 2
443 1326 5
443 1327 7
444 1328 1
444 1329 4
444 1330 9
445 1331 3
445 1332 6
445 1333 8
446 1334 2
446 1335 5
446 1336 7
447 1337 1
447 1338 4
447 1339 9
448 1340 3
448 1341 6
448 1342 8
449 1343 2
449 1344 5
449 1345 7
450 1346 1
450 1347 4
450 1348 9
451 1349 3
451 1350 6
451 1351 8
452 1352 2
452 1353 5
452 1354 7
453 1355 1
453 1356 4
453 1357 9
454 1358 3
454 1359 6
454 1360 8
455 1361 2
455 1362 5
455 1363 7
456 1364 1
456 1365 4
456 1366 9
457 1367 3
457 1368 6
457 1369 8
458 1370 2
458 1371 5
458 1372 7
459 1373 1
459 1374 4
459 1375 9
460 1376 3
460 1377 6
460 1378 8
461 1379 2
461 1380 5
461 1381 7
462 1382 1
462 1383 4
462 1384 9
463 1385 3
463 1386 6
463 1387 8
464 1388 2
464 1389 5
464 1390 7
465 1391 1
465 1392 4
465 1393 9
466 1394 3
466 1395 6
466 1396 8
467 1397 2
467 1398 5
467 1399 7
468 1400 1